13000	3	0.114662	0.160562	0 	0
13000	6	0.308911	2.99447	8.05835	6.00295e-08
13000	7	0.409132	1.05884	6.26367	4.96128e-08
13000	8	0.498011	0.441142	5.0261	4.25076e-08
13000	9	0.567503	0.183673	4.13422	3.30131e-08
13000	10	0.618258	0.141451	3.46887	2.50281e-08
13000	11	0.652146	0.0830455	2.95851	2.039e-08
13000	12	0.672913	0.075971	2.55793	1.67779e-08
13000	13	0.683822	0.051631	2.23739	1.39198e-08
13000	14	0.685188	0.0393381	1.97662	1.15801e-08
13000	15	0.680464	0.026865	1.76142	1.62499e-08
13000	16	0.671733	0.0251001	1.58161	1.32009e-08
13000	17	0.658139	0.0208421	1.42968	1.06837e-08
13000	18	0.642847	0.0180993	1.30006	8.59068e-09
13000	19	0.625531	0.0145368	1.18848	6.83903e-09
13000	20	0.606763	0.0136311	1.09166	6.84177e-09
13000	21	0.587513	0.0126444	1.00704	9.5989e-09
13000	22	0.567587	0.0108603	0.932592	8.99289e-09
13000	24.85	0.510352	0.00786666	0.763084	3.92096e-09
13000	27.7	0.455066	0.0062982	0.638397	3.62093e-09
13000	30.55	0.403681	0.00503424	0.543479	5.34965e-09
13000	33.4	0.356709	0.00408566	0.469162	3.0074e-09
13000	36.25	0.314423	0.00361491	0.409606	2.40934e-09
13000	39.1	0.276572	0.00325314	0.360937	3.48034e-09
13000	41.95	0.24287	0.00282653	0.320507	3.15252e-09
13000	44.8	0.212997	0.00241351	0.286448	2.63866e-09
13000	47.65	0.186481	0.0022007	0.257414	2.4704e-09
13000	50.5	0.162964	0.00198461	0.232408	1.62631e-09
13000	53.35	0.142198	0.00164638	0.210683	1.43577e-09
13000	56.2	0.123833	0.00151711	0.191664	1.22997e-09
13000	59.05	0.107576	0.0013429	0.174903	1.13275e-09
13000	61.9	0.0932324	0.00122207	0.160048	9.83857e-10
13000	64.75	0.0805324	0.00108747	0.146815	9.21562e-10
13000	67.6	0.0693429	0.00099096	0.134974	8.66189e-10
13000	70.45	0.0594511	0.000888209	0.124337	9.57022e-10
13000	73.3	0.0507377	0.000841383	0.114748	9.00788e-10
13000	76.15	0.0430419	0.000737065	0.106076	8.50075e-10
13000	79	0.0362604	0.000672599	0.0982128	8.04153e-10
13000	81.85	0.0303004	0.000630223	0.0910634	7.62411e-10
13000	84.7	0.0250604	0.000590788	0.0845483	6.29113e-10
13000	87.55	0.0204734	0.000536496	0.0785986	5.99884e-10
13000	90.4	0.0164608	0.000511893	0.0731548	5.13028e-10
13000	93.25	0.0129479	0.000533325	0.0681648	4.69071e-10
13000	96.1	0.00988851	0.00045497	0.0635833	4.19413e-10
13000	98.95	0.00722779	0.000433872	0.0593703	3.75511e-10
13000	101.8	0.0049353	0.000390895	0.0554905	3.37434e-10
13000	104.65	0.00295264	0.000376407	0.0519129	3.03094e-10
13000	107.5	0.00125615	0.000328209	0.0486096	3.29176e-10
13000	110.35	-0.000198404	0.000301891	0.0455559	2.98821e-10
13000	113.2	-0.00143368	0.000270698	0.0427297	3.02371e-10
13000	116.05	-0.00246973	0.000255919	0.0401112	2.90564e-10
13000	118.9	-0.00333889	0.000230858	0.0376827	2.79867e-10
13000	121.75	-0.00404976	0.000219895	0.035428	2.69299e-10
13000	124.6	-0.00462776	0.000191848	0.0333328	2.59342e-10
13000	127.45	-0.0050881	0.00017651	0.0313839	2.49996e-10
13000	130.3	-0.00545027	0.000165654	0.0295696	2.55404e-10
13000	133.15	-0.00572065	0.000159277	0.0278791	2.46447e-10
13000	136	-0.00591302	0.000143745	0.0263026	2.3758e-10
13000	138.85	-0.00603638	0.000133492	0.0248312	1.2369e-10
13000	141.7	-0.0061016	0.00012552	0.023457	1.68259e-10
13000	144.55	-0.00611633	0.000115009	0.0221724	6.2362e-11
13000	147.4	-0.00608856	0.000109707	0.0209708	5.86244e-11
13000	150.25	-0.00602321	0.000102729	0.019846	5.51722e-11
13000	153.1	-0.00592853	9.37664e-05	0.0187923	5.19761e-11
13000	155.95	-0.00580836	9.11052e-05	0.0178045	4.90186e-11
13000	158.8	-0.00566755	8.38713e-05	0.016878	4.62722e-11
13000	161.65	-0.00551035	7.44376e-05	0.0160083	4.3725e-11
13000	164.5	-0.00533928	6.90935e-05	0.0151915	4.13584e-11
13000	167.35	-0.00515785	6.35429e-05	0.0144238	3.91523e-11
13000	170.2	-0.00496957	5.81156e-05	0.0137018	3.68762e-11
13000	173.05	-0.00477448	5.50365e-05	0.0130225	3.49695e-11
13000	175.9	-0.00457715	4.74822e-05	0.0123829	1.15875e-10
13000	178.75	-0.0043768	4.48018e-05	0.0117803	7.64512e-11
13000	181.6	-0.00417766	3.81486e-05	0.0112123	4.83837e-11
13000	184.45	-0.00397978	3.39288e-05	0.0106767	5.91807e-11
13000	187.3	-0.00378447	3.13549e-05	0.0101712	8.91991e-11
13000	190.15	-0.00359271	3.02203e-05	0.00969392	2.71899e-11
13000	193	-0.00340457	2.53774e-05	0.00924308	3.28456e-11
13000	195.85	-0.00322105	2.68953e-05	0.00881698	3.14238e-11
13000	198.7	-0.00304283	2.44922e-05	0.00841405	3.02369e-11
13000	201.55	-0.00287055	2.32413e-05	0.00803284	2.89679e-11
13000	204.4	-0.00270388	2.07713e-05	0.00767202	2.91064e-11
13000	207.25	-0.00254357	1.83059e-05	0.00733031	2.78237e-11
13000	210.1	-0.00238982	1.62579e-05	0.00700656	3.92823e-11
13000	212.95	-0.00224249	1.42605e-05	0.00669968	2.96088e-11
13000	215.8	-0.00210128	1.27236e-05	0.00640866	2.57369e-11
13000	218.65	-0.0019669	1.11158e-05	0.00613255	3.69086e-11
13000	221.5	-0.00183879	9.97258e-06	0.00587048	2.08647e-11
13000	224.35	-0.00171681	9.31501e-06	0.00562162	2.00721e-11
13000	227.2	-0.00160127	8.73441e-06	0.00538521	1.91053e-11
13000	230.05	-0.00149193	7.78857e-06	0.00516052	1.82491e-11
13000	232.9	-0.00138827	7.07948e-06	0.00494689	1.75598e-11
13000	235.75	-0.00129065	6.23842e-06	0.00474369	3.95488e-11
13000	238.6	-0.00119842	5.30669e-06	0.00455034	3.86678e-11
13000	241.45	-0.00111171	4.93378e-06	0.00436628	3.79296e-11
13000	244.3	-0.00102997	4.42506e-06	0.004191	3.7209e-11
13000	247.15	-0.000953294	4.5026e-06	0.00402402	3.59337e-11
